1 -136.8 45 160
2 -79.19999999999999 54 130
3 -32.400000000000006 34 340
4 -358.0 75 150
5 -82.39999999999999 39 350
6 -185.59999999999997 45 170
7 -230.80000000000013 43 240
8 -382.8 46 80
9 -351.6 44 110
10 -362.8 46 80
11 -342.8 44 80
12 -356.80000000000007 61 170
13 -364.0 42 70
14 -265.6000000000001 53 170
15 -374.0 43 70
16 -364.0 42 70
17 -86.0 32 290
18 -88.80000000000001 40 380
19 -86.0 32 290
20 -77.2 31 290
21 -87.2 32 290
22 -86.0 32 290
23 -86.0 32 290
24 -86.0 32 290
25 -86.0 32 290
26 -87.2 32 290
27 -86.0 32 290
28 -86.0 31 290
29 -87.2 32 280
30 -86.0 32 290
31 -87.2 30 290
32 -79.60000000000001 27 260
33 -96.0 30 290
34 -86.0 32 290
35 -86.0 32 290
36 -7.105427357601002e-15 32 400
37 -86.0 32 290
38 -91.2 37 350
39 -96.0 33 290
40 -92.4 36 340
41 -96.0 33 290
42 -86.0 32 290
43 -77.2 31 280
44 -86.0 32 290
45 -86.0 32 290
46 -54.800000000000004 35 320
47 -86.0 32 290
48 -86.0 32 290
49 -87.2 32 290
50 -97.2 33 290
51 -86.0 32 290
52 -94.80000000000001 35 300
53 -94.80000000000001 35 300
54 -96.0 33 290
55 -54.800000000000004 35 320
56 -94.80000000000001 35 300
57 -94.80000000000001 35 300
58 -94.80000000000001 35 300
59 -96.0 35 300
60 -94.80000000000001 35 300
61 -94.80000000000001 35 300
62 -96.0 34 290
63 -78.39999999999996 31 270
64 -178.0 44 140
65 -145.59999999999997 42 170
66 -258.0 41 160
67 -446.80000000000007 76 160
68 -374.0 43 70
69 -364.0 44 70
70 -458.00000000000006 76 140
71 -86.0 32 290
72 -88.4 32 290
73 -96.0 33 290
74 -86.0 32 290
75 -86.0 32 290
76 -86.0 32 290
77 -86.0 32 280
78 -86.0 32 290
79 -87.2 32 280
80 -86.0 32 290
81 -96.0 33 290
82 -96.0 33 290
83 -86.0 32 290
84 -86.0 32 290
85 -86.0 32 290
86 -96.0 33 290
87 -86.0 32 290
88 -96.0 33 290
89 -87.2 32 290
90 -86.0 32 290
91 -96.0 33 290
92 -96.0 32 290
93 -96.0 33 290
94 -86.0 32 290
95 -24.800000000000004 35 300
96 -86.0 32 290
97 -86.0 32 290
98 -87.2 32 290
99 -88.4 31 280
100 -96.0 33 290
