1 -188.00000000000003 44 160
2 -89.19999999999999 45 140
3 -175.6 58 180
4 -227.60000000000002 74 450
5 -95.6 45 170
6 -92.4 36 340
7 -41.60000000000001 46 480
8 -37.2 27 290
9 -121.19999999999995 47 370
10 -191.99999999999997 46 220
11 -206.80000000000007 39 160
12 -94.4 44 180
13 -154.4000000000001 36 200
14 -206.80000000000007 42 170
15 -77.2 31 290
16 -91.2 37 350
17 -275.59999999999997 57 180
18 -326.79999999999995 46 160
19 -372.8 45 80
20 -382.8 46 80
21 -362.8 46 80
22 -372.8 45 80
23 -342.8 44 80
24 -412.8 54 90
25 -382.8 46 80
26 -382.8 46 80
27 -362.8 44 80
28 -382.8 45 80
29 -392.8 46 80
30 -362.8 43 80
31 -382.8 45 80
32 -382.8 45 80
33 -362.8 45 80
34 -383.20000000000005 58 210
35 -392.8 46 80
36 -351.6 44 110
37 -342.8 44 80
38 -372.8 45 80
39 -264.40000000000003 58 190
40 -86.0 32 290
41 -77.2 31 290
42 -86.0 32 290
43 -87.2 31 280
44 -86.0 32 290
45 -92.4 35 340
46 -86.0 31 290
47 -91.2 37 350
48 -86.0 32 290
49 -76.0 31 290
50 -86.0 32 290
51 -87.2 32 290
52 -86.0 32 290
53 -86.0 32 290
54 -87.2 32 290
55 -206.8 45 160
56 -238.00000000000006 39 150
57 -372.8 44 80
58 -374.0 43 70
59 -248.00000000000006 37 160
60 -87.2 32 290
61 -78.4 31 280
62 -86.0 33 290
63 -87.2 32 290
64 -87.2 32 290
65 -86.0 31 290
66 -87.2 32 290
67 -77.2 31 290
68 -87.2 31 280
69 -86.0 32 290
70 -86.0 31 290
71 -86.0 32 290
72 -87.2 32 290
73 -86.0 32 290
74 -86.0 32 290
75 -82.4 36 340
76 -77.2 31 290
77 -96.0 33 290
78 -86.0 32 290
79 -86.0 32 290
80 -87.2 31 290
81 -77.2 31 290
82 -86.0 32 290
83 -96.0 33 290
84 -77.2 31 290
85 -86.0 32 290
86 -86.0 32 290
87 -86.0 31 290
88 -87.2 31 290
89 -93.6 36 340
90 -208.0 45 140
91 -288.00000000000006 42 150
92 -372.8 45 80
93 -268.00000000000006 44 140
94 -382.8 46 80
95 -382.8 45 80
96 -372.8 45 80
97 -382.8 45 80
98 -372.8 45 80
99 -382.8 46 80
100 -372.8 44 80
101 -372.8 45 80
102 -281.6 57 100
103 -309.20000000000005 51 130
104 -438.00000000000006 55 150
105 -494.0 55 70
106 -316.8 47 170
107 -154.39999999999998 44 180
108 -214.4000000000001 38 190
109 -279.20000000000005 40 140
110 -372.8 44 90
111 -86.0 32 290
112 -86.0 32 290
113 -86.0 31 290
114 -77.2 31 290
115 -86.0 32 290
116 -86.0 32 290
117 -76.0 31 290
118 -77.2 31 290
119 -77.2 31 290
120 -86.0 32 290
121 -87.2 32 290
122 -77.2 31 290
123 -86.0 30 290
124 -86.0 31 290
125 -77.2 31 290
126 -78.4 29 280
127 -92.4 36 340
128 -81.2 35 350
129 -77.2 31 290
130 -331.6 45 100
131 -87.2 31 290
132 -86.0 31 290
133 -86.0 32 290
134 -87.2 30 290
135 -96.0 31 290
136 -96.0 32 290
137 -87.2 32 290
138 -86.0 30 290
139 -76.0 30 290
140 -86.0 32 290
141 -77.2 31 290
142 -77.2 31 290
143 -87.2 32 290
144 -86.0 32 290
145 -86.0 31 290
146 -86.0 32 290
147 -86.0 32 290
148 -87.2 32 290
149 -86.0 31 290
150 -86.0 32 290
151 -86.0 32 290
152 -91.19999999999999 36 350
153 -91.19999999999999 36 350
154 -82.39999999999999 36 350
155 -286.8 53 160
156 -288.00000000000006 65 140
157 -311.6 39 110
158 -86.0 32 290
159 -96.0 32 290
160 -86.0 30 290
161 -97.2 32 290
162 -86.0 31 290
163 -21.200000000000006 34 350
164 -97.2 31 280
165 -96.0 31 290
166 -86.0 31 290
167 -87.2 30 290
168 -86.0 31 290
169 -86.0 31 290
170 -86.0 32 280
171 -98.4 31 280
172 -76.0 30 290
173 -87.2 30 290
174 -96.0 31 290
175 -87.2 31 290
176 -86.0 32 290
177 -96.0 31 290
178 -77.2 31 290
179 -96.0 32 290
180 -14.800000000000008 34 300
181 -86.0 32 290
182 -87.2 30 290
183 -93.6 35 340
184 -92.39999999999999 36 340
185 -16.000000000000007 34 300
186 -77.2 31 290
187 -77.2 31 290
188 -86.0 31 290
189 -87.2 32 290
190 -77.2 31 290
191 -67.2 29 290
192 -77.2 31 290
193 -76.0 31 290
194 -87.2 31 290
195 -87.2 32 290
196 -93.6 35 340
197 -83.6 35 340
198 -77.2 30 290
199 -86.0 31 290
200 -77.2 31 290
201 -87.2 32 290
202 -92.39999999999999 36 340
203 -83.6 35 340
204 -92.39999999999999 36 340
205 -93.6 36 340
206 -91.20000000000002 36 350
207 -92.39999999999999 36 340
208 -93.60000000000001 35 340
209 -92.4 35 340
210 -102.39999999999999 36 340
211 -83.6 35 340
212 -93.6 36 340
213 -92.39999999999999 34 340
214 -86.0 32 290
215 -87.6 45 400
216 -92.39999999999999 36 340
217 -93.6 36 340
218 -93.6 35 340
219 -92.39999999999999 35 340
220 -102.39999999999999 36 340
221 -83.6 35 340
222 -77.2 31 290
223 -87.2 32 290
224 -101.2 36 350
225 -92.39999999999999 36 340
226 -81.20000000000002 39 350
227 -165.6 50 170
228 -136.8 41 160
229 -166.8 41 160
230 -298.0 42 150
231 -299.20000000000005 52 130
232 -372.8 44 80
233 -182.00000000000006 44 220
234 -175.6 42 170
235 -165.6 41 170
236 -167.20000000000002 39 300
237 -93.60000000000001 36 340
238 -155.6 40 170
239 -155.6 39 170
240 -165.6 41 170
241 -175.6 41 170
242 -165.6 39 170
243 -228.0 43 150
244 -339.20000000000005 50 140
245 -374.0 43 70
246 -332.8 42 100
247 -448.00000000000006 56 150
248 -468.0 57 150
249 -444.0 57 70
250 -504.0 56 70
251 -514.0 56 70
252 -155.59999999999997 40 170
253 -351.2000000000002 71 360
254 -76.0 32 290
255 -86.0 31 290
256 -77.2 30 290
257 -86.0 32 280
258 -87.2 32 290
259 -76.0 31 290
260 -86.0 32 290
261 -77.2 30 290
262 -87.2 32 290
263 -96.0 30 290
264 -87.2 32 290
265 -87.2 31 290
266 -78.4 31 280
267 -87.2 32 290
268 -320.4 47 110
269 -228.00000000000006 56 140
270 -346.80000000000007 48 170
271 -87.2 31 280
272 -77.2 31 290
273 -77.2 30 290
274 -86.0 30 290
275 -87.2 31 290
276 -86.0 32 290
277 -77.2 31 290
278 -76.0 31 290
279 -86.0 32 290
280 -86.0 32 290
281 -444.0 53 70
282 -374.0 43 70
283 -374.0 43 70
284 -482.8 54 90
285 -86.0 32 290
286 -86.0 32 290
287 -77.2 31 290
288 -86.0 32 290
289 -87.2 31 290
290 -87.2 32 280
291 -87.2 31 290
292 -86.0 32 290
293 -86.0 31 290
294 -86.0 32 290
295 -87.2 32 290
296 -86.0 31 290
297 -86.0 32 290
298 -86.0 31 290
299 -96.0 31 290
300 -86.0 31 290
301 -96.0 31 290
302 -87.2 31 290
303 -87.2 31 290
304 -92.39999999999999 37 350
305 -77.2 30 290
306 -339.20000000000005 49 130
307 -86.0 32 290
308 -86.0 31 290
309 -87.2 32 290
310 -92.39999999999999 37 350
311 -77.2 30 290
312 -86.0 32 290
313 -86.0 32 290
314 -86.0 30 290
315 -77.2 31 290
316 -77.2 31 290
317 -86.0 32 290
318 -96.0 30 290
319 -415.6000000000001 58 180
320 -268.00000000000006 46 140
321 -192.8 45 90
322 -292.8 44 80
323 -190.4 45 120
324 -318.00000000000006 64 140
325 -374.0 43 70
326 -504.0 56 70
327 -87.2 32 290
328 -86.0 30 290
329 -96.0 33 300
330 -77.2 31 290
331 -86.0 32 290
332 -87.2 31 290
333 -416.4 44 40
334 -258.0 45 140
335 -258.00000000000006 54 140
336 -259.6000000000001 59 260
337 -352.8 42 80
338 -382.8 46 80
339 -372.8 45 80
340 -372.8 44 80
341 -352.8 43 80
342 -372.8 44 80
343 -372.8 44 80
344 -382.8 45 80
345 -326.8 45 160
346 -362.8 44 80
347 -16.0 26 300
348 -299.60000000000014 66 240
349 -99.59999999999997 31 260
350 -320.40000000000003 42 110
351 -372.8 45 80
352 -382.8 45 80
353 -362.8 43 80
354 -372.8 44 80
355 -384.0 44 80
356 -362.8 43 80
357 -362.8 44 80
358 -372.8 45 80
359 -372.8 44 80
360 -382.8 45 80
361 -372.8 45 80
362 -372.8 45 80
363 -211.60000000000002 52 100
364 -199.2 54 140
365 -268.00000000000006 45 140
366 -180.4 42 110
367 -362.8 49 90
368 -86.0 32 290
369 -87.2 32 290
370 -92.4 35 340
371 -86.0 32 290
372 -86.0 31 290
373 -86.0 32 290
374 -326.8 49 160
375 -87.2 32 290
376 -86.0 32 290
377 -86.0 30 290
378 -76.0 30 290
379 -97.2 32 280
380 -87.2 31 290
381 -82.39999999999999 36 350
382 -92.39999999999999 36 350
383 -76.0 31 290
384 -86.0 31 290
385 -87.2 31 290
386 -86.0 31 290
387 -87.2 31 290
388 -77.2 31 290
389 -86.0 30 290
390 -96.0 31 290
391 -76.0 31 290
392 -76.0 31 290
393 -86.0 32 290
394 -87.2 32 290
395 -87.2 30 290
396 -86.0 32 290
397 -86.0 31 290
398 -77.2 31 290
399 -77.2 30 280
400 -77.2 31 290
401 -87.2 30 290
402 -101.19999999999999 36 350
403 -86.0 31 290
404 -91.19999999999999 37 350
405 -86.0 31 290
406 -87.2 32 290
407 -86.0 32 290
408 -86.0 32 290
409 -320.4 46 110
410 -87.2 32 290
411 -87.2 32 290
412 -67.2 30 290
413 -88.4 31 290
414 -76.0 33 300
415 -325.6 55 180
416 -372.8 45 80
417 -422.8 53 80
418 -292.0 56 220
419 -289.20000000000005 46 130
420 -382.8 46 80
421 -336.80000000000007 46 160
422 -74.80000000000001 32 300
423 -86.0 31 290
424 -86.0 30 290
425 -86.0 32 290
426 -87.2 31 290
427 -86.0 31 290
428 -96.0 31 290
429 -87.2 31 280
430 -77.2 31 290
431 -96.0 31 290
432 -93.60000000000001 35 340
433 -86.0 31 290
434 -86.0 32 290
435 -77.2 31 290
436 -78.4 30 280
437 -86.0 32 290
438 -86.0 31 290
439 -77.2 30 290
440 -320.4 47 110
441 -87.2 32 290
442 -87.2 31 290
443 -96.0 32 290
444 -87.2 31 290
445 -86.0 32 290
446 -86.0 32 290
447 -86.0 31 290
448 -87.2 31 290
449 -97.2 32 280
450 -92.39999999999999 36 350
451 -96.0 32 290
452 -96.0 31 290
453 -97.2 31 290
454 -86.0 31 290
455 -87.2 31 290
456 -88.4 31 290
457 -76.0 31 290
458 -86.0 32 290
459 -86.0 31 290
460 -86.0 30 290
461 -86.0 31 290
462 -81.19999999999999 36 350
463 -81.19999999999999 36 350
464 -92.39999999999999 37 350
465 -91.19999999999999 36 350
466 -92.39999999999999 37 350
467 -91.19999999999999 35 350
468 -92.39999999999999 37 350
469 -91.19999999999999 37 350
470 -91.19999999999999 35 350
471 -91.19999999999999 36 350
472 -82.39999999999999 36 350
473 -77.2 31 290
474 -92.39999999999999 37 350
475 -92.39999999999999 36 340
476 -77.2 30 290
477 -86.0 32 290
478 -91.19999999999999 36 350
479 -77.2 31 290
480 -91.19999999999999 37 350
481 -82.4 36 350
482 -91.19999999999999 37 350
483 -196.8 43 160
484 -137.19999999999996 36 280
485 -204.39999999999998 46 180
486 -302.4000000000002 65 350
487 -96.0 30 290
488 -87.2 31 290
489 -86.0 32 290
490 -77.2 31 290
491 -86.0 30 290
492 -86.0 32 290
493 -86.0 31 290
494 -86.0 31 290
495 -86.0 32 290
496 -77.2 31 290
497 -96.0 31 290
498 -101.19999999999999 35 350
499 -96.0 33 290
500 -76.0 31 290
501 -86.0 30 290
502 -66.0 30 290
503 -86.0 31 290
504 -86.0 32 290
505 -86.0 32 290
506 -87.2 30 280
507 -92.39999999999999 36 350
508 -87.2 31 290
509 -86.0 32 290
510 -86.0 32 290
511 -87.2 31 290
512 -86.0 31 290
513 -78.4 30 280
514 -86.0 30 290
515 -86.0 31 290
516 -86.0 32 290
517 -86.0 32 290
518 -86.0 31 290
519 -92.39999999999999 36 350
520 -87.2 32 290
521 -77.2 31 290
522 -86.0 32 290
523 -96.0 31 280
524 -86.0 31 290
525 -77.2 31 290
526 -76.0 30 290
527 -87.2 32 290
528 -87.2 31 290
529 -86.0 32 290
530 -86.0 30 290
531 -96.0 31 290
532 -87.2 31 290
533 -87.2 31 290
534 -77.2 31 290
535 -96.0 30 290
536 -87.2 32 290
537 -77.2 30 290
538 -86.0 31 290
539 -76.0 31 290
540 -67.2 30 290
541 -87.2 32 280
542 -86.0 30 290
543 -86.0 30 290
544 -87.2 32 290
545 -86.0 30 290
546 -87.2 32 290
547 -103.6 35 330
548 -92.4 36 350
549 -86.0 31 290
550 -86.0 31 290
551 -86.0 30 290
552 -86.0 31 290
553 -76.0 31 290
554 -284.0 40 70
555 -76.0 30 290
556 -165.6 43 170
557 -86.0 31 290
558 -97.2 32 290
559 -86.0 32 290
560 -87.2 31 280
561 -76.0 31 290
562 -16.000000000000004 24 310
563 -102.4 35 340
564 -87.2 32 290
565 1.5999999999999943 30 270
566 -175.6 43 170
567 -77.2 31 290
568 -76.0 31 290
569 -87.2 31 290
570 -24.800000000000008 34 300
571 -16.000000000000007 34 300
572 -185.6 43 170
573 -76.0 30 290
574 -87.2 31 290
575 -21.200000000000003 39 360
576 -24.800000000000008 35 300
577 -8.400000000000002 30 270
578 -363.20000000000005 56 210
579 -76.0 31 290
580 -76.0 31 290
581 -86.0 30 290
582 -87.2 31 290
583 -86.0 32 290
584 -77.2 30 290
585 -96.0 31 290
586 -77.2 31 280
587 -96.0 31 290
588 -92.4 36 350
589 -76.0 30 290
590 -86.0 31 290
591 -86.0 32 290
592 -87.2 30 290
593 -87.2 31 280
594 -87.2 32 290
595 -76.0 31 290
596 -76.0 31 290
597 -97.2 31 290
598 -86.0 32 290
599 -86.0 31 290
600 -78.4 31 280
601 -96.0 32 290
602 -87.2 30 290
603 -96.0 31 290
604 -86.0 31 290
605 -96.0 31 290
606 -86.0 32 290
607 -77.2 31 280
608 -77.2 30 290
609 -87.2 31 290
610 -76.0 31 290
611 -77.2 31 290
612 -86.0 31 290
613 -67.2 30 290
614 -87.2 31 290
615 -96.0 31 290
616 -379.20000000000005 51 130
617 -362.8 43 80
618 -362.8 43 90
619 -362.8 43 80
620 -352.8 45 80
621 -326.80000000000007 46 160
622 -362.8 43 80
623 -316.8 45 160
624 -372.8 44 80
625 -372.8 44 80
626 -382.8 46 80
627 -336.79999999999995 46 160
628 -341.6 42 110
629 -362.8 44 80
630 -362.8 43 80
631 -342.8 44 80
632 -372.8 44 80
633 -364.0 42 80
634 -77.2 31 290
635 -77.2 30 290
636 -77.2 31 290
637 -77.2 31 290
638 -87.2 32 290
639 -86.0 32 290
640 -87.2 32 290
641 -86.0 31 290
642 -86.0 30 290
643 -86.0 32 290
644 -87.2 31 290
645 -86.0 30 290
646 -87.2 32 290
647 -96.0 31 290
648 -86.0 32 290
649 -175.6 43 170
650 -77.2 30 290
651 -77.2 31 290
652 -87.2 31 290
653 -97.2 31 290
654 -165.6 43 170
655 -331.6 45 110
656 -362.8 43 80
657 -372.8 44 80
658 -372.8 44 80
659 -352.8 44 80
660 -322.8 45 80
661 -374.0 43 70
662 -382.8 45 80
663 -442.8 54 80
664 -382.8 45 80
665 -352.8 44 80
666 -345.6000000000001 55 170
667 -382.8 45 80
668 -392.8 46 80
669 -362.8 45 80
670 -372.8 45 90
671 -362.8 43 80
672 -362.8 45 80
673 -372.8 45 80
674 -362.8 46 80
675 -338.0 46 160
676 -331.6 41 110
677 -372.8 44 80
678 -356.80000000000007 50 160
679 -372.8 45 80
680 -362.8 44 80
681 -336.8 46 160
682 -392.8 46 80
683 -362.8 44 80
684 -362.8 43 80
685 -362.8 44 80
686 -362.8 43 80
687 -362.8 44 80
688 -144.39999999999998 39 180
689 -362.8 44 80
690 -299.20000000000005 41 130
691 -342.8 44 80
692 -352.8 42 80
693 -382.8 45 80
694 -382.8 45 80
695 -362.8 43 80
696 -372.8 44 80
697 -362.8 44 80
698 -352.8 42 80
699 -382.8 45 80
700 -372.8 44 80
701 -352.8 42 80
702 -372.8 44 80
703 -332.8 42 80
704 -362.8 44 80
705 -372.8 45 80
706 -372.8 44 80
707 -362.8 43 80
708 -372.8 44 80
709 -372.8 44 80
710 -96.0 32 290
711 -106.0 32 290
712 -86.0 30 290
713 -86.0 31 290
714 -87.2 31 290
715 -87.2 32 290
716 -77.2 31 290
717 -77.2 31 290
718 -87.2 32 290
719 -86.0 31 290
720 -87.2 31 290
721 -96.0 31 290
722 -97.2 31 290
723 -97.2 31 290
724 -86.0 30 290
725 -96.0 32 290
726 -86.0 32 290
727 -76.0 31 290
728 -97.2 32 290
729 -87.2 32 290
730 -86.0 31 290
731 -96.0 32 290
732 -86.0 31 290
733 -87.2 32 290
734 -86.0 32 290
735 -86.0 32 290
736 -86.0 32 290
737 -76.0 30 290
738 -77.2 31 290
739 -86.0 30 290
740 -106.0 31 290
741 -96.0 31 290
742 -86.0 31 290
743 -96.0 30 290
744 -87.2 30 290
745 -106.0 32 290
746 -96.0 32 290
747 -87.2 31 290
748 -86.0 31 290
749 -97.2 31 290
750 -77.2 31 290
751 -77.2 31 290
752 -87.2 32 290
753 -91.20000000000002 36 350
754 -86.0 32 290
755 -76.0 31 290
756 -82.4 36 350
757 -396.8 51 160
758 -378.0 65 140
759 -362.8 43 80
760 -372.8 44 80
761 -426.80000000000007 55 160
762 -352.8 43 90
763 -352.8 44 80
764 -362.8 43 80
765 -382.8 45 80
766 -382.8 45 80
767 -364.0 42 70
768 -352.8 43 80
769 -382.8 45 80
770 -362.8 43 80
771 -372.8 44 80
772 -362.8 43 80
773 -362.8 43 80
774 -372.8 44 80
775 -342.8 45 80
776 -352.8 42 80
777 -372.8 44 80
778 -301.6 42 100
779 -258.00000000000006 43 140
780 -87.2 32 290
781 -87.2 31 290
782 -72.4 35 350
783 -86.0 30 290
784 -96.0 30 290
785 -96.0 31 290
786 -76.0 31 290
787 -86.0 30 290
788 -87.2 31 290
789 -384.0 47 70
790 -97.2 32 290
791 -77.2 30 290
792 -76.0 30 290
793 -77.2 31 290
794 -87.2 32 290
795 -87.2 31 290
796 -87.2 31 280
797 -96.0 31 290
798 -86.0 30 280
799 -87.2 30 290
800 -77.2 31 290
801 -86.0 32 290
802 -86.0 32 290
803 -82.39999999999999 35 350
804 -91.19999999999999 35 350
805 -43.60000000000001 33 330
806 -309.2 47 130
807 -96.0 32 290
808 -77.2 30 290
809 -64.80000000000001 34 330
810 -87.2 31 290
811 -87.2 31 290
812 -77.2 31 290
813 -101.19999999999999 36 350
814 -87.2 31 290
815 -77.2 31 290
816 -78.4 30 280
817 -386.8 52 160
818 -67.2 30 290
819 -406.80000000000007 61 160
820 -372.8 44 80
821 -352.8 42 80
822 -352.8 42 80
823 -316.80000000000007 44 160
824 -382.8 45 80
825 -362.8 43 80
826 -352.8 42 80
827 -342.8 43 80
828 -372.8 44 80
829 -382.8 45 80
830 -372.8 44 80
831 -352.8 44 80
832 -352.8 42 80
833 -362.8 43 80
834 -77.2 31 290
835 -86.0 30 290
836 -77.2 31 290
837 -17.200000000000003 23 300
838 -344.00000000000006 78 690
839 -504.0 55 70
840 -484.0 54 70
841 -458.00000000000006 55 140
842 -364.0 42 70
843 -494.0 54 70
844 -90.79999999999997 27 250
845 -86.0 31 290
846 -86.0 31 290
847 -86.0 32 290
848 -86.0 31 290
849 -96.0 31 290
850 -96.0 30 290
851 -96.0 31 290
852 -87.2 31 290
853 -96.0 32 290
854 -77.2 31 290
855 -77.2 31 290
856 -86.0 30 290
857 -87.2 32 290
858 -86.0 31 290
859 -97.2 32 290
860 -87.2 32 290
861 -78.4 30 280
862 -96.0 30 290
863 -86.0 30 290
864 -87.2 31 290
865 -87.2 31 290
866 -87.2 32 290
867 -76.0 31 290
868 -88.4 32 280
869 -96.0 31 290
870 -87.2 31 290
871 -77.2 30 290
872 -86.0 32 290
873 -86.0 31 290
874 -76.0 29 290
875 -86.0 32 290
876 -86.0 30 290
877 -83.2 23 220
878 -424.0 47 80
879 -124.39999999999998 26 180
880 -352.8 41 100
881 -416.4 44 40
882 -314.0 37 80
883 -324.0 38 80
884 -342.8 40 80
885 -286.80000000000007 41 160
886 -322.8 39 80
887 -332.8 40 80
888 -332.8 40 80
889 -342.8 40 80
890 -286.80000000000007 41 160
891 -286.79999999999995 41 160
892 -332.8 40 80
893 -77.2 30 300
894 -334.0 44 70
895 -456.4 48 40
896 -332.8 40 80
897 -332.8 40 80
898 -332.8 40 80
899 -332.8 40 80
900 -332.8 40 80
901 -312.8 40 80
902 -332.8 40 80
903 -334.0 39 70
904 -286.79999999999995 41 160
905 -312.8 40 80
906 -332.8 40 80
907 -332.8 40 80
908 -332.8 40 80
909 -332.8 40 80
910 -342.8 40 80
911 -382.8 47 90
912 -332.8 40 80
913 -332.8 40 80
914 -322.8 40 90
915 -286.80000000000007 41 160
916 -332.8 40 80
917 -332.8 40 80
918 -194.79999999999995 47 340
919 -322.8 39 80
920 -77.20000000000002 30 300
921 -456.4 48 40
922 -286.80000000000007 41 160
923 -206.80000000000007 34 170
924 -322.8 39 80
925 -332.8 40 80
926 -332.8 40 80
927 -332.8 40 80
928 -332.8 40 80
929 -312.8 40 80
930 -322.8 39 80
931 -348.0000000000001 52 150
932 -334.0 44 70
933 -359.20000000000005 45 150
934 -332.8 40 80
935 -322.8 39 80
936 -332.8 40 80
937 -332.8 40 80
938 -286.80000000000007 41 160
939 -332.8 40 80
940 -332.8 40 80
941 -332.8 40 80
942 -332.8 40 80
943 -312.8 40 80
944 -312.8 40 80
945 -332.8 40 80
946 -322.8 39 80
947 -286.8 41 160
948 -322.8 39 90
949 -456.4 48 40
950 -332.8 40 80
951 -332.8 40 80
952 -332.8 40 80
953 -286.8 41 160
954 -332.8 40 80
955 -266.8 41 160
956 -322.8 39 80
957 -332.8 40 80
958 -312.8 40 80
959 -328.0 56 140
960 -332.8 40 80
961 -332.8 40 80
962 -334.0 39 80
963 -332.8 40 80
964 -312.8 40 80
965 -332.8 40 80
966 -332.8 40 80
967 -332.8 40 80
968 -282.0 51 220
969 -338.00000000000006 48 140
970 -312.8 40 80
971 -471.6 57 100
972 -454.0 49 70
973 -454.0 50 70
974 -434.0 50 70
975 -291.6 40 100
976 -291.6 37 100
977 -322.8 39 80
978 -332.8 40 80
979 -332.8 40 80
980 -332.8 40 80
981 -312.8 40 80
982 -332.8 40 80
983 -83.60000000000001 34 320
984 -312.8 40 80
985 -332.8 40 80
986 -286.79999999999995 41 160
987 -332.8 40 80
988 -276.79999999999995 40 160
989 -332.8 40 80
990 -306.80000000000007 46 160
991 -332.8 40 80
992 -332.8 40 80
993 -322.8 39 80
994 -332.8 40 80
995 -332.8 40 80
996 -290.40000000000003 38 110
997 -312.8 40 80
998 -332.8 40 80
999 -332.8 40 80
1000 -288.0000000000001 51 150
