1 -221.6 325 70
2 -784.3999999999999 309 130
3 20.80000000000001 292 340
4 -168.80000000000013 298 260
5 -381.2000000000002 298 240
6 -938.0 314 100
7 -533.2 287 140
8 -1171.6 348 70
9 -503.2000000000001 330 140
10 -325.6000000000001 298 120
11 -391.2000000000002 292 240
12 -386.80000000000035 305 360
13 -501.6 347 70
14 -422.0000000000001 288 150
15 -388.40000000000015 286 180
16 -339.2 228 340
17 -679.5999999999996 271 170
18 -276.80000000000035 335 360
19 -924.3999999999997 288 130
20 -1431.6 345 70
21 -2021.6 345 70
22 -1295.1999999999998 492 530
23 -139.2 225 340
24 -368.40000000000015 274 180
25 -1926.4 492 520
26 -888.0 316 100
27 -871.6 329 70
28 -911.6 375 70
29 -91.59999999999992 331 320
30 -108.0 344 100
31 -276.8 355 110
32 -241.6 352 70
33 -0.40000000000000924 218 330
34 -89.19999999999999 375 90
35 -1088.0 340 100
36 -2272.0 381 150
37 -2772.0 475 150
38 6.3999999999999915 172 220
39 -198.0 240 350
40 -1841.6 389 70
41 -1732.0 474 150
42 16.0 180 300
43 -2020.8 381 160
44 -1582.0 376 150
45 -1202.0 381 150
46 -1422.0 381 150
47 -1442.0 382 150
48 -1772.0 381 150
49 -1192.0 382 150
50 -1432.0 382 150
51 -12.800000000000008 256 310
52 -76.79999999999998 415 110
53 -348.0 339 100
54 4.799999999999994 255 300
55 3.999999999999993 209 200
56 -630.8 363 160
57 -79.19999999999999 603 90
58 -142.0 367 150
59 -146.79999999999998 313 110
60 1.5999999999999943 327 180
61 6.3999999999999915 297 220
62 -1432.0 472 150
63 -24.800000000000004 297 210
64 -1092.0 376 150
65 -1402.0 381 150
66 -2062.0 381 150
67 -1332.0 378 150
68 2.3999999999999915 190 270
69 -2291.6 392 70
70 -207.60000000000002 339 270
71 -1402.0 382 150
72 -1212.0 382 150
73 5.999999999999989 180 300
74 -1851.6 390 70
75 -2892.0 473 150
76 -259.20000000000005 240 340
77 -115.19999999999997 182 290
78 -2272.0 380 150
79 -1872.0 383 150
80 -1902.0 380 150
81 -1622.0 382 150
82 -982.0 381 150
83 -1692.0 473 150
84 19.60000000000001 282 330
85 -1515.6 530 610
86 -627.1999999999999 314 190
87 -2242.0 382 150
88 -2142.0 374 150
89 -2121.6 340 70
90 -2010.8 381 160
91 -2572.0 383 150
92 -2312.0 382 150
93 -25.20000000000001 180 290
94 -2220.8 381 160
95 -2752.0 474 150
96 -1142.0 382 150
97 -824.3999999999999 540 620
98 -67.2 307 190
99 -1170.8 384 160
100 7.199999999999989 285 310
101 -1512.0 382 150
102 -1932.0 382 150
103 -429.6 341 170
104 -3.6000000000000085 173 220
105 -1822.0 381 150
106 -1631.6 340 70
107 -1422.0 384 150
108 -1622.0 381 150
109 -1692.0 382 150
110 -2142.0 383 150
111 -2052.0 382 150
112 -322.8000000000001 362 310
113 -1572.0 383 150
114 -1652.0 381 150
115 -1842.0 381 150
116 -1692.0 380 150
117 -1981.9999999999995 474 150
118 -649.6 341 170
119 -672.0 381 150
120 -124.39999999999998 356 380
121 -682.0 475 150
122 -1032.0 472 150
123 -830.8 474 160
124 -1082.0 382 150
125 -1322.0 477 150
126 -582.0 382 150
127 -1492.0 380 150
128 -1152.0 378 150
129 -912.0 469 150
130 -732.0 378 150
131 -1252.0 381 150
132 -1172.0 381 150
133 -1382.0 381 150
134 -1702.0 381 150
135 -1732.0 382 150
136 -1212.0 382 150
137 -1162.0 382 150
138 -872.0 372 150
139 -649.6 340 170
140 -1242.0 474 150
141 -199.59999999999997 372 170
142 -400.8 463 160
143 -642.0000000000001 400 150
144 -812.0000000000001 379 150
145 -1532.0 470 150
146 -1702.0 382 150
147 -2142.0 381 150
148 -2172.0 469 150
149 -879.6 378 170
150 -389.6 362 170
151 -830.3999999999999 370 80
152 -33.2 367 140
153 1.5999999999999943 389 180
154 -344.40000000000003 366 130
155 -57.199999999999974 418 190
156 -1030.8000000000002 378 160
157 -1492.0 380 150
158 -1502.0 469 150
159 -1162.0 381 150
160 -1122.0 380 150
161 -1352.0 469 150
162 -1592.0 469 150
163 -1132.0 472 150
164 -1202.0 471 150
165 -1522.0 475 150
166 -1252.0 472 150
167 -1192.0 473 150
168 -1151.9999999999995 468 150
169 -1272.0 471 150
170 -2032.0 383 150
171 -2232.0 382 150
172 -2122.0 382 150
173 -1902.0 383 150
174 -1372.0 382 150
175 -1862.0 381 150
176 -2022.0 381 150
177 -1662.0 383 150
178 -1282.0 381 150
179 -922.0 471 150
180 -922.0 379 150
181 -762.0 379 150
182 -882.0000000000001 382 150
183 -2072.0 470 150
184 -1612.0 381 150
185 -1532.0 472 150
186 -1022.0 381 150
187 -744.4000000000001 370 130
188 -160.8 388 160
189 -60.4 438 80
190 -1258.0 373 100
191 -352.0000000000001 443 150
192 -1052.0 471 150
193 -682.0 470 150
194 -8.000000000000002 377 110
195 -714.4000000000001 375 130
196 -454.8 423 210
197 -608.0 366 100
198 -273.20000000000005 342 140
199 -1735.2 493 530
200 -2212.0 368 150
201 17.200000000000003 270 310
202 -916.8 362 110
203 -485.6 497 1010
204 -129.2 332 90
205 -509.2 339 90
206 -750.7999999999996 403 160
207 -49.2 443 90
208 -14.800000000000002 354 210
209 -10.400000000000007 288 330
210 -359.6 369 170
211 -1173.1999999999998 411 140
212 2.7999999999999936 333 190
213 -491.6000000000001 492 560
214 -59.59999999999997 450 170
215 -1682.0 368 150
216 -1682.0 368 150
217 -263.2 372 140
218 -105.6 329 120
219 -57.2 369 190
220 -303.2 371 140
221 -259.60000000000014 341 170
222 -1832.0 367 150
223 -968.4 369 180
224 -812.0 344 160
225 -229.6 329 170
226 -108.4 442 180
227 -288.4 364 180
228 -36.800000000000004 424 110
229 -178.39999999999998 421 180
230 -32.80000000000001 285 310
231 -1449.6 807 460
232 -1542.0 473 150
233 -86.0 302 200
234 -1682.0 381 150
235 -1592.0 382 150
236 -979.2 340 90
237 -2012.0 381 150
238 -2252.0 382 150
239 -1682.0 382 150
240 -1992.0 423 150
241 -1082.0 472 150
242 -75.99999999999996 356 200
243 -29.6 375 170
244 -631.6 336 70
245 -1090.4 343 80
246 -951.6 344 70
247 -579.2 341 90
248 -840.7999999999996 461 160
249 -640.8000000000002 442 160
250 2.7999999999999936 371 190
251 -832.0 381 150
252 -1172.0 381 150
253 -1582.0 381 150
254 -1250.4 389 80
255 -1380.8 381 160
256 -1967.6 512 510
257 -1622.0 381 150
258 -2292.0 381 150
259 -399.6 340 170
260 -2552.0 382 150
261 -2062.0 382 150
262 -1872.0 381 150
263 -1342.0 383 150
264 -2802.0 475 150
265 -2522.0 382 150
266 -2312.0 382 150
267 -2662.0 382 150
268 -1672.0 384 150
269 -1742.0 381 150
270 -2472.0 383 150
271 -2832.0 382 150
272 -2352.0 383 150
273 -1149.6 391 170
274 -2562.0 382 150
275 -2712.0 381 150
276 -2592.0 382 150
277 -2512.0 382 150
278 -1580.8 381 160
279 -4.800000000000004 297 210
280 14.799999999999997 288 290
281 -918.0 373 100
282 -1512.0 384 150
283 -178.8 240 260
284 -1392.0 381 150
285 6.3999999999999915 286 220
286 -1392.0 382 150
287 -1402.0 383 150
288 -1422.0 383 150
289 -1882.0 381 150
290 -1602.0 384 150
291 -1092.0 473 150
292 -99.59999999999997 287 170
293 -908.0 375 100
294 -382.0 475 150
295 -196.0 316 200
296 -232.4000000000001 324 240
297 -238.40000000000003 345 180
298 -620.4000000000001 391 80
299 -1651.6 340 70
300 -2242.0 383 150
301 -2132.0 381 150
302 -2442.0 381 150
303 -2212.0 382 150
304 -2162.0 381 150
305 -2662.0 382 150
306 -2642.0 382 150
307 -2722.0 381 150
308 -2812.0 384 150
309 -2722.0 382 150
310 -2612.0 382 150
311 -2362.0 383 150
312 -1732.0 382 150
313 -1282.0 421 150
314 -1910.8 474 160
315 -7.600000000000003 188 270
316 -1460.8 383 160
317 -739.6 388 170
318 -829.6 389 170
319 -2352.0 382 150
320 -2332.0 382 150
321 -2602.0 381 150
322 -2212.0 469 150
323 -1305.6 511 410
324 -407.6000000000002 328 270
325 -781.6 367 70
326 -478.0 300 350
327 -687.1999999999996 290 190
328 -541.1999999999999 291 240
329 -556.7999999999998 302 110
330 -541.6 340 70
331 -984.4 646 420
332 -0.8000000000000043 323 160
333 -42.799999999999955 264 310
334 -500.40000000000003 344 80
335 -298.0 308 100
336 -1792.0 368 150
337 -1752.0 368 150
338 -1452.0 367 150
339 -1832.0 369 150
340 -1912.0 366 150
341 -1049.2 344 90
342 -2522.0 368 150
343 -2482.0 367 150
344 -2652.0 366 150
345 -2842.0 367 150
346 -2642.0 367 150
347 -2722.0 368 150
348 -2662.0 366 150
349 -38.80000000000001 280 260
350 -37.60000000000001 270 270
351 -2532.0 365 150
352 -2842.0 366 150
353 -2412.0 367 150
354 -1487.2 360 190
355 -498.79999999999995 226 260
356 7.199999999999999 155 310
357 -309.2 227 340
358 -2522.0 366 150
359 -2672.0 367 150
360 4.79999999999999 163 290
361 -986.7999999999998 300 110
362 -429.20000000000033 226 340
363 -2512.0 368 150
364 -717.2 306 190
365 -996.8 417 360
366 17.200000000000003 154 310
367 -1487.1999999999998 360 190
368 -1010.7999999999996 283 170
369 -2081.6 345 70
370 -941.2 335 240
371 -717.5999999999999 301 270
372 -731.1999999999996 291 240
373 -1104.8000000000002 290 210
374 -1656.8 301 110
375 -851.1999999999994 300 240
376 -240.4000000000001 318 330
377 -2060.3999999999996 339 80
378 -471.6000000000002 304 320
379 -318.80000000000007 335 260
380 -717.6000000000001 312 270
381 -143.60000000000005 267 220
382 -1096.8 341 110
383 -1764.0 568 340
384 -835.5999999999999 349 120
385 -1148.0 358 100
386 -749.2 370 90
387 -236.8 316 110
388 -148.0 345 100
389 -584.4000000000001 355 130
390 2.3999999999999915 268 270
391 -47.60000000000001 344 270
392 -1140.3999999999999 418 80
393 -228.40000000000012 270 180
394 -121.6 334 70
395 -116.79999999999998 306 110
396 -870.8 315 160
397 -48.0 235 350
398 -926.8 316 110
399 -178.0 241 350
400 -467.2 316 190
401 -2262.8 385 60
402 -1385.6 491 610
403 -2100.4 340 80
404 -127.99999999999991 243 350
405 -440.4 340 80
406 -109.2 338 90
407 -130.39999999999998 330 330
408 -427.2000000000001 405 190
409 -760.4 419 80
410 -250.80000000000007 285 170
411 -49.6 301 170
412 -786.8000000000001 373 110
413 -368.0 327 100
414 -1358.0 419 100
415 -340.8 418 160
416 -218.40000000000012 379 180
417 -470.4 344 80
418 -620.8 364 160
419 -840.8 368 160
420 -1292.0 368 150
421 -1212.0 367 150
422 16.0 256 300
423 -570.8 367 160
424 -1802.0 366 150
425 -2292.0 369 150
426 -1922.0 368 150
427 -1692.0 367 150
428 -1240.8000000000002 368 160
429 -1772.0 366 150
430 -1242.0 366 150
431 -98.39999999999998 367 180
432 -108.39999999999998 318 190
433 -1542.0 366 150
434 -1270.8000000000002 364 160
435 -1342.0 366 150
436 -252.00000000000009 322 160
437 -372.0 367 150
438 -279.60000000000014 421 170
439 -2038.4 473 180
440 -2932.0 474 150
441 -459.60000000000014 346 170
442 -519.2 339 90
443 -759.6 340 170
444 -2112.0 379 150
445 -2612.0 381 150
446 -2402.0 382 150
447 -2922.0000000000014 423 150
448 -1872.0 460 150
449 -2082.0 381 150
450 -1202.0 370 150
451 -908.4000000000001 470 180
452 -789.6000000000001 438 180
453 -1230.8000000000002 474 160
454 -530.8 382 160
455 1.1999999999999922 285 270
456 -572.0 378 150
457 -1272.0 382 150
458 -1362.0 381 150
459 -382.0 425 150
460 -842.0 435 150
461 -84.79999999999998 384 210
462 -217.20000000000013 369 190
463 -870.4000000000001 419 80
464 -110.79999999999997 342 160
465 -1062.0 471 150
466 -362.0 400 150
467 -352.0 466 150
468 -133.6 301 220
469 -6.400000000000004 346 280
470 -648.0 367 100
471 -111.6 382 70
472 -196.00000000000014 381 200
473 -340.40000000000003 330 80
474 -240.0000000000002 273 250
475 -332.4000000000002 430 230
476 -220.8 439 160
477 -442.0 472 150
478 -532.0 472 150
479 -469.60000000000014 387 180
480 -198.4 368 180
481 -57.19999999999999 354 190
482 -39.60000000000001 316 170
483 -112.39999999999998 327 240
484 -138.4 384 180
485 -758.4000000000001 988 670
486 -1038.0 390 100
487 -459.20000000000005 400 90
488 -24.400000000000002 339 140
489 -1320.4 418 80
490 -98.4 378 180
491 4.79999999999999 308 290
492 -492.0 364 150
493 -11.6 412 70
494 -296.80000000000035 482 360
495 -55.19999999999996 510 290
496 -336.8 386 110
497 -299.6 438 170
498 -379.59999999999997 340 170
499 -1810.8000000000002 382 160
500 -2432.0 474 150
501 -2262.0 383 150
502 -2142.0 381 150
503 -3032.0 475 150
504 -2052.0 382 150
505 -3591.9999999999995 473 150
506 -3442.0000000000014 443 150
507 -3591.6 415 70
508 -3592.0000000000014 445 150
509 -3421.9999999999995 474 150
510 -2972.0 382 150
511 -3342.0000000000014 424 150
512 -2892.0 381 150
513 -3171.6 415 70
514 -1361.9999999999995 457 150
515 -450.8000000000001 343 160
516 -49.2 388 90
517 -10.4 391 80
518 -98.0 359 100
519 -139.2 357 90
520 -399.2 391 90
521 -140.4 360 80
522 -108.0 359 100
523 -90.4 360 80
524 -2122.8 418 60
525 -760.4 359 80
526 -1210.8 363 160
527 -790.8000000000001 369 160
528 -990.8 368 160
529 -350.4 375 80
530 -1390.7999999999997 409 160
531 -871.9999999999997 402 150
532 -1461.6 444 70
533 -578.4000000000001 418 180
534 -619.2 419 90
535 -362.0 360 150
536 -452.4000000000002 331 230
